#1
double Inf_Xi(1345,5)  # t steady dry rain strm
-2.0000000000 -1 0 1 2
0.0000000000 51.2 58.48 58.48 58.48
0.0104166667 51.2 58.46 58.46 58.46
0.0208333333 51.2 53.07 53.07 53.07
0.0312500000 51.2 51.46 51.46 51.46
0.0416666667 51.2 49.73 49.73 49.73
0.0520833333 51.2 47.19 47.19 47.19
0.0625000000 51.2 47.16 47.16 47.16
0.0729166667 51.2 44.13 44.13 44.13
0.0833333333 51.2 40.89 40.89 40.89
0.0937500000 51.2 39.93 39.93 39.93
0.1041666667 51.2 38.35 38.35 38.35
0.1145833333 51.2 33.82 33.82 33.82
0.1250000000 51.2 30.13 30.13 30.13
0.1354166667 51.2 27.18 27.18 27.18
0.1458333333 51.2 24.7 24.7 24.7
0.1562500000 51.2 22.34 22.34 22.34
0.1666666667 51.2 22.42 22.42 22.42
0.1770833333 51.2 20.64 20.64 20.64
0.1875000000 51.2 20.38 20.38 20.38
0.1979166667 51.2 21.88 21.88 21.88
0.2083333333 51.2 20.27 20.27 20.27
0.2187500000 51.2 21.44 21.44 21.44
0.2291666667 51.2 21.9 21.9 21.9
0.2395833333 51.2 21.84 21.84 21.84
0.2500000000 51.2 19.72 19.72 19.72
0.2604166667 51.2 19.4 19.4 19.4
0.2708333333 51.2 18.07 18.07 18.07
0.2812500000 51.2 18.03 18.03 18.03
0.2916666667 51.2 17.43 17.43 17.43
0.3020833333 51.2 17.35 17.35 17.35
0.3125000000 51.2 17.69 17.69 17.69
0.3229166667 51.2 18.37 18.37 18.37
0.3333333333 51.2 18.37 18.37 18.37
0.3437500000 51.2 18.09 18.09 18.09
0.3541666667 51.2 19.31 19.31 19.31
0.3645833333 51.2 20.39 20.39 20.39
0.3750000000 51.2 25.75 25.75 25.75
0.3854166667 51.2 27.43 27.43 27.43
0.3958333333 51.2 38.14 38.14 38.14
0.4062500000 51.2 50.43 50.43 50.43
0.4166666667 51.2 54.36 54.36 54.36
0.4270833333 51.2 64.85 64.85 64.85
0.4375000000 51.2 75.75 75.75 75.75
0.4479166667 51.2 88.95 88.95 88.95
0.4583333333 51.2 96.68 96.68 96.68
0.4687500000 51.2 102.54 102.54 102.54
0.4791666667 51.2 106.18 106.18 106.18
0.4895833333 51.2 95.51 95.51 95.51
0.5000000000 51.2 91.18 91.18 91.18
0.5104166667 51.2 90.71 90.71 90.71
0.5208333333 51.2 86.23 86.23 86.23
0.5312500000 51.2 85.71 85.71 85.71
0.5416666667 51.2 74.13 74.13 74.13
0.5520833333 51.2 87.45 87.45 87.45
0.5625000000 51.2 85.83 85.83 85.83
0.5729166667 51.2 80.16 80.16 80.16
0.5833333333 51.2 76.22 76.22 76.22
0.5937500000 51.2 65.42 65.42 65.42
0.6041666667 51.2 57.19 57.19 57.19
0.6145833333 51.2 76.52 76.52 76.52
0.6250000000 51.2 70.05 70.05 70.05
0.6354166667 51.2 64.18 64.18 64.18
0.6458333333 51.2 66.79 66.79 66.79
0.6562500000 51.2 53.09 53.09 53.09
0.6666666667 51.2 48.59 48.59 48.59
0.6770833333 51.2 51.67 51.67 51.67
0.6875000000 51.2 50.5 50.5 50.5
0.6979166667 51.2 51.12 51.12 51.12
0.7083333333 51.2 49 49 49
0.7187500000 51.2 46.94 46.94 46.94
0.7291666667 51.2 45.21 45.21 45.21
0.7395833333 51.2 45.48 45.48 45.48
0.7500000000 51.2 45.37 45.37 45.37
0.7604166667 51.2 45.06 45.06 45.06
0.7708333333 51.2 44.73 44.73 44.73
0.7812500000 51.2 56.42 56.42 56.42
0.7916666667 51.2 56.52 56.52 56.52
0.8020833333 51.2 56.34 56.34 56.34
0.8125000000 51.2 58.43 58.43 58.43
0.8229166667 51.2 49.05 49.05 49.05
0.8333333333 51.2 53.24 53.24 53.24
0.8437500000 51.2 63.45 63.45 63.45
0.8541666667 51.2 60.41 60.41 60.41
0.8645833333 51.2 61.91 61.91 61.91
0.8750000000 51.2 59.52 59.52 59.52
0.8854166667 51.2 51.65 51.65 51.65
0.8958333333 51.2 72.08 72.08 72.08
0.9062500000 51.2 68.09 68.09 68.09
0.9166666667 51.2 65.82 65.82 65.82
0.9270833333 51.2 63.99 63.99 63.99
0.9375000000 51.2 49.15 49.15 49.15
0.9479166667 51.2 72.37 72.37 72.37
0.9583333333 51.2 66.46 66.46 66.46
0.9687500000 51.2 69.61 69.61 69.61
0.9791666667 51.2 64.95 64.95 64.95
0.9895833333 51.2 57.16 57.16 57.16
1.0000000000 51.2 51.27 51.27 51.27
1.0104166667 51.2 50.52 50.52 50.52
1.0208333333 51.2 50.62 50.62 50.62
1.0312500000 51.2 62.57 62.57 62.57
1.0416666667 51.2 59.62 59.62 59.62
1.0520833333 51.2 63.86 63.86 63.86
1.0625000000 51.2 64.28 64.28 64.28
1.0729166667 51.2 41.49 41.49 41.49
1.0833333333 51.2 39.67 39.67 39.67
1.0937500000 51.2 37.97 37.97 37.97
1.1041666667 51.2 35.13 35.13 35.13
1.1145833333 51.2 32.71 32.71 32.71
1.1250000000 51.2 27.94 27.94 27.94
1.1354166667 51.2 26.39 26.39 26.39
1.1458333333 51.2 22.94 22.94 22.94
1.1562500000 51.2 21.1 21.1 21.1
1.1666666667 51.2 19.02 19.02 19.02
1.1770833333 51.2 17.21 17.21 17.21
1.1875000000 51.2 18.18 18.18 18.18
1.1979166667 51.2 16.34 16.34 16.34
1.2083333333 51.2 16.41 16.41 16.41
1.2187500000 51.2 16.3 16.3 16.3
1.2291666667 51.2 16.59 16.59 16.59
1.2395833333 51.2 16.1 16.1 16.1
1.2500000000 51.2 16.61 16.61 16.61
1.2604166667 51.2 17.14 17.14 17.14
1.2708333333 51.2 15.53 15.53 15.53
1.2812500000 51.2 15.32 15.32 15.32
1.2916666667 51.2 15.97 15.97 15.97
1.3020833333 51.2 16.4 16.4 16.4
1.3125000000 51.2 15.2 15.2 15.2
1.3229166667 51.2 15.31 15.31 15.31
1.3333333333 51.2 15.26 15.26 15.26
1.3437500000 51.2 14.84 14.84 14.84
1.3541666667 51.2 16.53 16.53 16.53
1.3645833333 51.2 16.08 16.08 16.08
1.3750000000 51.2 15.94 15.94 15.94
1.3854166667 51.2 20.37 20.37 20.37
1.3958333333 51.2 34.1 34.1 34.1
1.4062500000 51.2 40.21 40.21 40.21
1.4166666667 51.2 47.04 47.04 47.04
1.4270833333 51.2 57.99 57.99 57.99
1.4375000000 51.2 70.3 70.3 70.3
1.4479166667 51.2 84.78 84.78 84.78
1.4583333333 51.2 93.64 93.64 93.64
1.4687500000 51.2 99.8 99.8 99.8
1.4791666667 51.2 105.53 105.53 105.53
1.4895833333 51.2 109.4 109.4 109.4
1.5000000000 51.2 109.83 109.83 109.83
1.5104166667 51.2 96.36 96.36 96.36
1.5208333333 51.2 91.2 91.2 91.2
1.5312500000 51.2 87.72 87.72 87.72
1.5416666667 51.2 85.22 85.22 85.22
1.5520833333 51.2 82.97 82.97 82.97
1.5625000000 51.2 75.86 75.86 75.86
1.5729166667 51.2 82.17 82.17 82.17
1.5833333333 51.2 78.99 78.99 78.99
1.5937500000 51.2 75.53 75.53 75.53
1.6041666667 51.2 70.88 70.88 70.88
1.6145833333 51.2 68.39 68.39 68.39
1.6250000000 51.2 67.19 67.19 67.19
1.6354166667 51.2 64.18 64.18 64.18
1.6458333333 51.2 63.87 63.87 63.87
1.6562500000 51.2 61.01 61.01 61.01
1.6666666667 51.2 58.94 58.94 58.94
1.6770833333 51.2 56.69 56.69 56.69
1.6875000000 51.2 53.63 53.63 53.63
1.6979166667 51.2 51.41 51.41 51.41
1.7083333333 51.2 49.2 49.2 49.2
1.7187500000 51.2 47.66 47.66 47.66
1.7291666667 51.2 46.49 46.49 46.49
1.7395833333 51.2 48.05 48.05 48.05
1.7500000000 51.2 57.04 57.04 57.04
1.7604166667 51.2 55.7 55.7 55.7
1.7708333333 51.2 58.01 58.01 58.01
1.7812500000 51.2 55.67 55.67 55.67
1.7916666667 51.2 52.02 52.02 52.02
1.8020833333 51.2 45.02 45.02 45.02
1.8125000000 51.2 46.17 46.17 46.17
1.8229166667 51.2 55.57 55.57 55.57
1.8333333333 51.2 60.53 60.53 60.53
1.8437500000 51.2 61.74 61.74 61.74
1.8541666667 51.2 68.39 68.39 68.39
1.8645833333 51.2 59.49 59.49 59.49
1.8750000000 51.2 52.76 52.76 52.76
1.8854166667 51.2 57.21 57.21 57.21
1.8958333333 51.2 73.91 73.91 73.91
1.9062500000 51.2 69.17 69.17 69.17
1.9166666667 51.2 69.1 69.1 69.1
1.9270833333 51.2 71.2 71.2 71.2
1.9375000000 51.2 62.9 62.9 62.9
1.9479166667 51.2 80.11 80.11 80.11
1.9583333333 51.2 78.1 78.1 78.1
1.9687500000 51.2 76.1 76.1 76.1
1.9791666667 51.2 74.18 74.18 74.18
1.9895833333 51.2 71.58 71.58 71.58
2.0000000000 51.2 63.66 63.66 63.66
2.0104166667 51.2 62.39 62.39 62.39
2.0208333333 51.2 52.9 52.9 52.9
2.0312500000 51.2 52.25 52.25 52.25
2.0416666667 51.2 50.48 50.48 50.48
2.0520833333 51.2 48.16 48.16 48.16
2.0625000000 51.2 46.3 46.3 46.3
2.0729166667 51.2 43.99 43.99 43.99
2.0833333333 51.2 43.27 43.27 43.27
2.0937500000 51.2 41.9 41.9 41.9
2.1041666667 51.2 39.87 39.87 39.87
2.1145833333 51.2 35.79 35.79 35.79
2.1250000000 51.2 32.73 32.73 32.73
2.1354166667 51.2 29.92 29.92 29.92
2.1458333333 51.2 27.36 27.36 27.36
2.1562500000 51.2 24.89 24.89 24.89
2.1666666667 51.2 24.55 24.55 24.55
2.1770833333 51.2 22.37 22.37 22.37
2.1875000000 51.2 21.95 21.95 21.95
2.1979166667 51.2 22.65 22.65 22.65
2.2083333333 51.2 20.84 20.84 20.84
2.2187500000 51.2 21.87 21.87 21.87
2.2291666667 51.2 21.76 21.76 21.76
2.2395833333 51.2 21.63 21.63 21.63
2.2500000000 51.2 20.06 20.06 20.06
2.2604166667 51.2 20.06 20.06 20.06
2.2708333333 51.2 18.79 18.79 18.79
2.2812500000 51.2 18.74 18.74 18.74
2.2916666667 51.2 17.99 17.99 17.99
2.3020833333 51.2 17.84 17.84 17.84
2.3125000000 51.2 17.9 17.9 17.9
2.3229166667 51.2 18.22 18.22 18.22
2.3333333333 51.2 18.09 18.09 18.09
2.3437500000 51.2 17.94 17.94 17.94
2.3541666667 51.2 18.88 18.88 18.88
2.3645833333 51.2 19.44 19.44 19.44
2.3750000000 51.2 23.46 23.46 23.46
2.3854166667 51.2 23.95 23.95 23.95
2.3958333333 51.2 30.86 30.86 30.86
2.4062500000 51.2 37.61 37.61 37.61
2.4166666667 51.2 41.55 41.55 41.55
2.4270833333 51.2 51.38 51.38 51.38
2.4375000000 51.2 59.83 59.83 59.83
2.4479166667 51.2 70.93 70.93 70.93
2.4583333333 51.2 79.07 79.07 79.07
2.4687500000 51.2 86.77 86.77 86.77
2.4791666667 51.2 92.68 92.68 92.68
2.4895833333 51.2 87.82 87.82 87.82
2.5000000000 51.2 87.88 87.88 87.88
2.5104166667 51.2 88.66 88.66 88.66
2.5208333333 51.2 85.23 85.23 85.23
2.5312500000 51.2 84.59 84.59 84.59
2.5416666667 51.2 74.79 74.79 74.79
2.5520833333 51.2 86.22 86.22 86.22
2.5625000000 51.2 81.77 81.77 81.77
2.5729166667 51.2 78.64 78.64 78.64
2.5833333333 51.2 76.38 76.38 76.38
2.5937500000 51.2 67.64 67.64 67.64
2.6041666667 51.2 61.56 61.56 61.56
2.6145833333 51.2 76.21 76.21 76.21
2.6250000000 51.2 66.56 66.56 66.56
2.6354166667 51.2 64.3 64.3 64.3
2.6458333333 51.2 66.78 66.78 66.78
2.6562500000 51.2 54.87 54.87 54.87
2.6666666667 51.2 52.7 52.7 52.7
2.6770833333 51.2 54.39 54.39 54.39
2.6875000000 51.2 51.53 51.53 51.53
2.6979166667 51.2 51.38 51.38 51.38
2.7083333333 51.2 49 49 49
2.7187500000 51.2 47.53 47.53 47.53
2.7291666667 51.2 46.26 46.26 46.26
2.7395833333 51.2 46.09 46.09 46.09
2.7500000000 51.2 45.19 45.19 45.19
2.7604166667 51.2 44.76 44.76 44.76
2.7708333333 51.2 44.38 44.38 44.38
2.7812500000 51.2 52.75 52.75 52.75
2.7916666667 51.2 51.2 51.2 51.2
2.8020833333 51.2 52.68 52.68 52.68
2.8125000000 51.2 55 55 55
2.8229166667 51.2 48.26 48.26 48.26
2.8333333333 51.2 53.02 53.02 53.02
2.8437500000 51.2 59.01 59.01 59.01
2.8541666667 51.2 55.83 55.83 55.83
2.8645833333 51.2 58.76 58.76 58.76
2.8750000000 51.2 57.2 57.2 57.2
2.8854166667 51.2 51.9 51.9 51.9
2.8958333333 51.2 67.95 67.95 67.95
2.9062500000 51.2 61.49 61.49 61.49
2.9166666667 51.2 62.7 62.7 62.7
2.9270833333 51.2 62.18 62.18 62.18
2.9375000000 51.2 50.88 50.88 50.88
2.9479166667 51.2 70.38 70.38 70.38
2.9583333333 51.2 61.07 61.07 61.07
2.9687500000 51.2 66.22 66.22 66.22
2.9791666667 51.2 62.66 62.66 62.66
2.9895833333 51.2 57.74 57.74 57.74
3.0000000000 51.2 53.61 53.61 53.61
3.0104166667 51.2 52.71 52.71 52.71
3.0208333333 51.2 51.72 51.72 51.72
3.0312500000 51.2 59.92 59.92 59.92
3.0416666667 51.2 55.85 55.85 55.85
3.0520833333 51.2 60.59 60.59 60.59
3.0625000000 51.2 60.64 60.64 60.64
3.0729166667 51.2 43.56 43.56 43.56
3.0833333333 51.2 44.55 44.55 44.55
3.0937500000 51.2 41.33 41.33 41.33
3.1041666667 51.2 37.91 37.91 37.91
3.1145833333 51.2 35.35 35.35 35.35
3.1250000000 51.2 30.44 30.44 30.44
3.1354166667 51.2 29.1 29.1 29.1
3.1458333333 51.2 25.81 25.81 25.81
3.1562500000 51.2 23.89 23.89 23.89
3.1666666667 51.2 21.53 21.53 21.53
3.1770833333 51.2 19.58 19.58 19.58
3.1875000000 51.2 20 20 20
3.1979166667 51.2 17.74 17.74 17.74
3.2083333333 51.2 17.76 17.76 17.76
3.2187500000 51.2 17.22 17.22 17.22
3.2291666667 51.2 17.18 17.18 17.18
3.2395833333 51.2 16.55 16.55 16.55
3.2500000000 51.2 16.89 16.89 16.89
3.2604166667 51.2 17.04 17.04 17.04
3.2708333333 51.2 15.75 15.75 15.75
3.2812500000 51.2 15.84 15.84 15.84
3.2916666667 51.2 16.14 16.14 16.14
3.3020833333 51.2 16.2 16.2 16.2
3.3125000000 51.2 15.28 15.28 15.28
3.3229166667 51.2 15.56 15.56 15.56
3.3333333333 51.2 15.36 15.36 15.36
3.3437500000 51.2 15 15 15
3.3541666667 51.2 16.23 16.23 16.23
3.3645833333 51.2 15.58 15.58 15.58
3.3750000000 51.2 15.73 15.73 15.73
3.3854166667 51.2 18.84 18.84 18.84
3.3958333333 51.2 26.21 26.21 26.21
3.4062500000 51.2 28.69 28.69 28.69
3.4166666667 51.2 35.46 35.46 35.46
3.4270833333 51.2 44.11 44.11 44.11
3.4375000000 51.2 53.22 53.22 53.22
3.4479166667 51.2 64.48 64.48 64.48
3.4583333333 51.2 73.32 73.32 73.32
3.4687500000 51.2 81.98 81.98 81.98
3.4791666667 51.2 89.95 89.95 89.95
3.4895833333 51.2 95.89 95.89 95.89
3.5000000000 51.2 99.09 99.09 99.09
3.5104166667 51.2 91.86 91.86 91.86
3.5208333333 51.2 90.75 90.75 90.75
3.5312500000 51.2 87.8 87.8 87.8
3.5416666667 51.2 85.34 85.34 85.34
3.5520833333 51.2 83.02 83.02 83.02
3.5625000000 51.2 76.96 76.96 76.96
3.5729166667 51.2 81.99 81.99 81.99
3.5833333333 51.2 77.52 77.52 77.52
3.5937500000 51.2 75.33 75.33 75.33
3.6041666667 51.2 71.67 71.67 71.67
3.6145833333 51.2 69.57 69.57 69.57
3.6250000000 51.2 68 68 68
3.6354166667 51.2 64.97 64.97 64.97
3.6458333333 51.2 64.46 64.46 64.46
3.6562500000 51.2 61.53 61.53 61.53
3.6666666667 51.2 59.78 59.78 59.78
3.6770833333 51.2 57.61 57.61 57.61
3.6875000000 51.2 54.85 54.85 54.85
3.6979166667 51.2 52.8 52.8 52.8
3.7083333333 51.2 50.58 50.58 50.58
3.7187500000 51.2 48.93 48.93 48.93
3.7291666667 51.2 47.52 47.52 47.52
3.7395833333 51.2 48.28 48.28 48.28
3.7500000000 51.2 54.2 54.2 54.2
3.7604166667 51.2 52.02 52.02 52.02
3.7708333333 51.2 54.96 54.96 54.96
3.7812500000 51.2 53.35 53.35 53.35
3.7916666667 51.2 51.37 51.37 51.37
3.8020833333 51.2 46.28 46.28 46.28
3.8125000000 51.2 47.59 47.59 47.59
3.8229166667 51.2 53.47 53.47 53.47
3.8333333333 51.2 55.31 55.31 55.31
3.8437500000 51.2 56.7 56.7 56.7
3.8541666667 51.2 62.45 62.45 62.45
3.8645833333 51.2 56.24 56.24 56.24
3.8750000000 51.2 53.33 53.33 53.33
3.8854166667 51.2 57.16 57.16 57.16
3.8958333333 51.2 67.55 67.55 67.55
3.9062500000 51.2 62.45 62.45 62.45
3.9166666667 51.2 65.37 65.37 65.37
3.9270833333 51.2 67.45 67.45 67.45
3.9375000000 51.2 61.45 61.45 61.45
3.9479166667 51.2 75.56 75.56 75.56
3.9583333333 51.2 71.23 71.23 71.23
3.9687500000 51.2 72.12 72.12 72.12
3.9791666667 51.2 71.67 71.67 71.67
3.9895833333 51.2 70.11 70.11 70.11
4.0000000000 51.2 64.21 64.21 64.21
4.0104166667 51.2 63.76 63.76 63.76
4.0208333333 51.2 50.75 50.75 50.75
4.0312500000 51.2 49.25 49.25 49.25
4.0416666667 51.2 47.64 47.64 47.64
4.0520833333 51.2 45.3 45.3 45.3
4.0625000000 51.2 45.33 45.33 45.33
4.0729166667 51.2 42.5 42.5 42.5
4.0833333333 51.2 39.5 39.5 39.5
4.0937500000 51.2 38.55 38.55 38.55
4.1041666667 51.2 37.06 37.06 37.06
4.1145833333 51.2 32.89 32.89 32.89
4.1250000000 51.2 29.46 29.46 29.46
4.1354166667 51.2 26.68 26.68 26.68
4.1458333333 51.2 24.33 24.33 24.33
4.1562500000 51.2 22.1 22.1 22.1
4.1666666667 51.2 22.08 22.08 22.08
4.1770833333 51.2 20.41 20.41 20.41
4.1875000000 51.2 20.1 20.1 20.1
4.1979166667 51.2 21.43 21.43 21.43
4.2083333333 51.2 19.94 19.94 19.94
4.2187500000 51.2 20.98 20.98 20.98
4.2291666667 51.2 21.38 21.38 21.38
4.2395833333 51.2 21.33 21.33 21.33
4.2500000000 51.2 19.4 19.4 19.4
4.2604166667 51.2 19.07 19.07 19.07
4.2708333333 51.2 17.83 17.83 17.83
4.2812500000 51.2 17.77 17.77 17.77
4.2916666667 51.2 17.2 17.2 17.2
4.3020833333 51.2 17.11 17.11 17.11
4.3125000000 51.2 17.4 17.4 17.4
4.3229166667 51.2 18.01 18.01 18.01
4.3333333333 51.2 18.02 18.02 18.02
4.3437500000 51.2 17.76 17.76 17.76
4.3541666667 51.2 18.88 18.88 18.88
4.3645833333 51.2 19.88 19.88 19.88
4.3750000000 51.2 24.76 24.76 24.76
4.3854166667 51.2 26.38 26.38 26.38
4.3958333333 51.2 36.2 36.2 36.2
4.4062500000 51.2 47.5 47.5 47.5
4.4166666667 51.2 51.26 51.26 51.26
4.4270833333 51.2 60.94 60.94 60.94
4.4375000000 51.2 71 71 71
4.4479166667 51.2 83.12 83.12 83.12
4.4583333333 51.2 90.3 90.3 90.3
4.4687500000 51.2 95.77 95.77 95.77
4.4791666667 51.2 99.21 99.21 99.21
4.4895833333 51.2 89.71 89.71 89.71
4.5000000000 51.2 85.82 85.82 85.82
4.5104166667 51.2 85.38 85.38 85.38
4.5208333333 51.2 81.32 81.32 81.32
4.5312500000 51.2 80.83 80.83 80.83
4.5416666667 51.2 70.35 70.35 70.35
4.5520833333 51.2 82.33 82.33 82.33
4.5625000000 51.2 80.89 80.89 80.89
4.5729166667 51.2 75.76 75.76 75.76
4.5833333333 51.2 72.17 72.17 72.17
4.5937500000 51.2 62.36 62.36 62.36
4.6041666667 51.2 54.79 54.79 54.79
4.6145833333 51.2 72.18 72.18 72.18
4.6250000000 51.2 66.38 66.38 66.38
4.6354166667 51.2 61.05 61.05 61.05
4.6458333333 51.2 63.36 63.36 63.36
4.6562500000 51.2 50.94 50.94 50.94
4.6666666667 51.2 46.74 46.74 46.74
4.6770833333 51.2 49.42 49.42 49.42
4.6875000000 51.2 48.31 48.31 48.31
4.6979166667 51.2 48.84 48.84 48.84
4.7083333333 51.2 46.9 46.9 46.9
4.7187500000 51.2 45 45 45
4.7291666667 51.2 43.38 43.38 43.38
4.7395833333 51.2 43.59 43.59 43.59
4.7500000000 51.2 43.47 43.47 43.47
4.7604166667 51.2 43.17 43.17 43.17
4.7708333333 51.2 42.86 42.86 42.86
4.7812500000 51.2 53.43 53.43 53.43
4.7916666667 51.2 53.6 53.6 53.6
4.8020833333 51.2 53.49 53.49 53.49
4.8125000000 51.2 55.42 55.42 55.42
4.8229166667 51.2 46.96 46.96 46.96
4.8333333333 51.2 50.71 50.71 50.71
4.8437500000 51.2 59.97 59.97 59.97
4.8541666667 51.2 57.29 57.29 57.29
4.8645833333 51.2 58.67 58.67 58.67
4.8750000000 51.2 56.54 56.54 56.54
4.8854166667 51.2 49.42 49.42 49.42
4.8958333333 51.2 67.86 67.86 67.86
4.9062500000 51.2 64.35 64.35 64.35
4.9166666667 51.2 62.34 62.34 62.34
4.9270833333 51.2 60.69 60.69 60.69
4.9375000000 51.2 47.26 47.26 47.26
4.9479166667 51.2 68.17 68.17 68.17
4.9583333333 51.2 62.92 62.92 62.92
4.9687500000 51.2 65.78 65.78 65.78
4.9791666667 51.2 61.6 61.6 61.6
4.9895833333 51.2 54.54 54.54 54.54
5.0000000000 51.2 37.29 37.29 37.29
5.0104166667 51.2 36.58 36.58 36.58
5.0208333333 51.2 34.3 34.3 34.3
5.0312500000 51.2 34.85 34.85 34.85
5.0416666667 51.2 34.66 34.66 34.66
5.0520833333 51.2 34.47 34.47 34.47
5.0625000000 51.2 34.31 34.31 34.31
5.0729166667 51.2 31.84 31.84 31.84
5.0833333333 51.2 29.86 29.86 29.86
5.0937500000 51.2 29.02 29.02 29.02
5.1041666667 51.2 27.88 27.88 27.88
5.1145833333 51.2 25.7 25.7 25.7
5.1250000000 51.2 23.91 23.91 23.91
5.1354166667 51.2 22.37 22.37 22.37
5.1458333333 51.2 20.94 20.94 20.94
5.1562500000 51.2 19.66 19.66 19.66
5.1666666667 51.2 19.36 19.36 19.36
5.1770833333 51.2 18.23 18.23 18.23
5.1875000000 51.2 18.07 18.07 18.07
5.1979166667 51.2 18.4 18.4 18.4
5.2083333333 51.2 17.52 17.52 17.52
5.2187500000 51.2 17.89 17.89 17.89
5.2291666667 51.2 17.97 17.97 17.97
5.2395833333 51.2 17.77 17.77 17.77
5.2500000000 51.2 16.93 16.93 16.93
5.2604166667 51.2 16.97 16.97 16.97
5.2708333333 51.2 16.35 16.35 16.35
5.2812500000 51.2 16.36 16.36 16.36
5.2916666667 51.2 16.22 16.22 16.22
5.3020833333 51.2 16.36 16.36 16.36
5.3125000000 51.2 16.45 16.45 16.45
5.3229166667 51.2 16.71 16.71 16.71
5.3333333333 51.2 16.64 16.64 16.64
5.3437500000 51.2 16.42 16.42 16.42
5.3541666667 51.2 17.11 17.11 17.11
5.3645833333 51.2 17.5 17.5 17.5
5.3750000000 51.2 19.59 19.59 19.59
5.3854166667 51.2 20.28 20.28 20.28
5.3958333333 51.2 25.79 25.79 25.79
5.4062500000 51.2 30.93 30.93 30.93
5.4166666667 51.2 32.87 32.87 32.87
5.4270833333 51.2 37.69 37.69 37.69
5.4375000000 51.2 42.78 42.78 42.78
5.4479166667 51.2 49.05 49.05 49.05
5.4583333333 51.2 52.93 52.93 52.93
5.4687500000 51.2 55.86 55.86 55.86
5.4791666667 51.2 57.94 57.94 57.94
5.4895833333 51.2 54.99 54.99 54.99
5.5000000000 51.2 54.42 54.42 54.42
5.5104166667 51.2 53.98 53.98 53.98
5.5208333333 51.2 51.93 51.93 51.93
5.5312500000 51.2 51.2 51.2 51.2
5.5416666667 51.2 46.73 46.73 46.73
5.5520833333 51.2 51.36 51.36 51.36
5.5625000000 51.2 49.51 49.51 49.51
5.5729166667 51.2 47.57 47.57 47.57
5.5833333333 51.2 46.13 46.13 46.13
5.5937500000 51.2 42.2 42.2 42.2
5.6041666667 51.2 39.34 39.34 39.34
5.6145833333 51.2 46.32 46.32 46.32
5.6250000000 51.2 43.14 43.14 43.14
5.6354166667 51.2 40.58 40.58 40.58
5.6458333333 51.2 41.4 41.4 41.4
5.6562500000 51.2 36.14 36.14 36.14
5.6666666667 51.2 34.77 34.77 34.77
5.6770833333 51.2 36.17 36.17 36.17
5.6875000000 51.2 35.46 35.46 35.46
5.6979166667 51.2 35.28 35.28 35.28
5.7083333333 51.2 34.02 34.02 34.02
5.7187500000 51.2 32.93 32.93 32.93
5.7291666667 51.2 32.19 32.19 32.19
5.7395833333 51.2 32.36 32.36 32.36
5.7500000000 51.2 33.22 33.22 33.22
5.7604166667 51.2 33.5 33.5 33.5
5.7708333333 51.2 33.88 33.88 33.88
5.7812500000 51.2 38.48 38.48 38.48
5.7916666667 51.2 37.51 37.51 37.51
5.8020833333 51.2 36.09 36.09 36.09
5.8125000000 51.2 36.11 36.11 36.11
5.8229166667 51.2 33.29 33.29 33.29
5.8333333333 51.2 35.95 35.95 35.95
5.8437500000 51.2 40.19 40.19 40.19
5.8541666667 51.2 39.59 39.59 39.59
5.8645833333 51.2 39.68 39.68 39.68
5.8750000000 51.2 37.85 37.85 37.85
5.8854166667 51.2 35.08 35.08 35.08
5.8958333333 51.2 44.39 44.39 44.39
5.9062500000 51.2 42.61 42.61 42.61
5.9166666667 51.2 41.83 41.83 41.83
5.9270833333 51.2 41.52 41.52 41.52
5.9375000000 51.2 35.56 35.56 35.56
5.9479166667 51.2 46.33 46.33 46.33
5.9583333333 51.2 43.99 43.99 43.99
5.9687500000 51.2 45.2 45.2 45.2
5.9791666667 51.2 43.21 43.21 43.21
5.9895833333 51.2 40.15 40.15 40.15
6.0000000000 51.2 37.5 37.5 37.5
6.0104166667 51.2 37.23 37.23 37.23
6.0208333333 51.2 33.98 33.98 33.98
6.0312500000 51.2 39.36 39.36 39.36
6.0416666667 51.2 38.07 38.07 38.07
6.0520833333 51.2 39.98 39.98 39.98
6.0625000000 51.2 40.19 40.19 40.19
6.0729166667 51.2 29.9 29.9 29.9
6.0833333333 51.2 28.92 28.92 28.92
6.0937500000 51.2 28.04 28.04 28.04
6.1041666667 51.2 26.63 26.63 26.63
6.1145833333 51.2 25.4 25.4 25.4
6.1250000000 51.2 23.02 23.02 23.02
6.1354166667 51.2 22.16 22.16 22.16
6.1458333333 51.2 20.33 20.33 20.33
6.1562500000 51.2 19.31 19.31 19.31
6.1666666667 51.2 18.14 18.14 18.14
6.1770833333 51.2 17.11 17.11 17.11
6.1875000000 51.2 17.61 17.61 17.61
6.1979166667 51.2 16.57 16.57 16.57
6.2083333333 51.2 16.6 16.6 16.6
6.2187500000 51.2 16.53 16.53 16.53
6.2291666667 51.2 16.7 16.7 16.7
6.2395833333 51.2 16.42 16.42 16.42
6.2500000000 51.2 16.72 16.72 16.72
6.2604166667 51.2 17.03 17.03 17.03
6.2708333333 51.2 16.09 16.09 16.09
6.2812500000 51.2 15.98 15.98 15.98
6.2916666667 51.2 16.36 16.36 16.36
6.3020833333 51.2 16.62 16.62 16.62
6.3125000000 51.2 15.91 15.91 15.91
6.3229166667 51.2 15.98 15.98 15.98
6.3333333333 51.2 15.95 15.95 15.95
6.3437500000 51.2 15.7 15.7 15.7
6.3541666667 51.2 16.71 16.71 16.71
6.3645833333 51.2 16.44 16.44 16.44
6.3750000000 51.2 16.35 16.35 16.35
6.3854166667 51.2 18.93 18.93 18.93
6.3958333333 51.2 26.34 26.34 26.34
6.4062500000 51.2 29.26 29.26 29.26
6.4166666667 51.2 32.5 32.5 32.5
6.4270833333 51.2 37.63 37.63 37.63
6.4375000000 51.2 43.24 43.24 43.24
6.4479166667 51.2 49.68 49.68 49.68
6.4583333333 51.2 53.55 53.55 53.55
6.4687500000 51.2 56.24 56.24 56.24
6.4791666667 51.2 58.75 58.75 58.75
6.4895833333 51.2 60.46 60.46 60.46
6.5000000000 51.2 60.71 60.71 60.71
6.5104166667 51.2 55.04 55.04 55.04
6.5208333333 51.2 52.83 52.83 52.83
6.5312500000 51.2 51.32 51.32 51.32
6.5416666667 51.2 50.22 50.22 50.22
6.5520833333 51.2 49.23 49.23 49.23
6.5625000000 51.2 46.11 46.11 46.11
6.5729166667 51.2 48.84 48.84 48.84
6.5833333333 51.2 47.45 47.45 47.45
6.5937500000 51.2 45.92 45.92 45.92
6.6041666667 51.2 43.85 43.85 43.85
6.6145833333 51.2 42.72 42.72 42.72
6.6250000000 51.2 42.16 42.16 42.16
6.6354166667 51.2 40.78 40.78 40.78
6.6458333333 51.2 40.62 40.62 40.62
6.6562500000 51.2 39.31 39.31 39.31
6.6666666667 51.2 38.35 38.35 38.35
6.6770833333 51.2 37.3 37.3 37.3
6.6875000000 51.2 35.87 35.87 35.87
6.6979166667 51.2 34.81 34.81 34.81
6.7083333333 51.2 33.75 33.75 33.75
6.7187500000 51.2 33 33 33
6.7291666667 51.2 32.42 32.42 32.42
6.7395833333 51.2 33.14 33.14 33.14
6.7500000000 51.2 37.37 37.37 37.37
6.7604166667 51.2 36.77 36.77 36.77
6.7708333333 51.2 37.86 37.86 37.86
6.7812500000 51.2 36.79 36.79 36.79
6.7916666667 51.2 35.1 35.1 35.1
6.8020833333 51.2 31.78 31.78 31.78
6.8125000000 51.2 32.3 32.3 32.3
6.8229166667 51.2 36.73 36.73 36.73
6.8333333333 51.2 39.07 39.07 39.07
6.8437500000 51.2 39.66 39.66 39.66
6.8541666667 51.2 42.73 42.73 42.73
6.8645833333 51.2 38.68 38.68 38.68
6.8750000000 51.2 35.56 35.56 35.56
6.8854166667 51.2 37.62 37.62 37.62
6.8958333333 51.2 45.3 45.3 45.3
6.9062500000 51.2 43.18 43.18 43.18
6.9166666667 51.2 43.18 43.18 43.18
6.9270833333 51.2 44.15 44.15 44.15
6.9375000000 51.2 40.4 40.4 40.4
6.9479166667 51.2 48.2 48.2 48.2
6.9583333333 51.2 47.34 47.34 47.34
6.9687500000 51.2 46.48 46.48 46.48
6.9791666667 51.2 45.63 45.63 45.63
6.9895833333 51.2 44.47 44.47 44.47
7.0000000000 51.2 58.48 58.48 58.48
7.0104166667 51.2 58.46 58.46 58.46
7.0208333333 51.2 53.07 53.07 53.07
7.0312500000 51.2 51.46 51.46 51.46
7.0416666667 51.2 49.73 49.73 49.73
7.0520833333 51.2 47.19 47.19 47.19
7.0625000000 51.2 47.16 47.16 47.16
7.0729166667 51.2 44.13 44.13 44.13
7.0833333333 51.2 40.89 40.89 40.89
7.0937500000 51.2 39.93 39.93 39.93
7.1041666667 51.2 38.35 38.35 38.35
7.1145833333 51.2 33.82 33.82 33.82
7.1250000000 51.2 30.13 30.13 30.13
7.1354166667 51.2 27.18 27.18 27.18
7.1458333333 51.2 24.7 24.7 24.7
7.1562500000 51.2 22.34 22.34 22.34
7.1666666667 51.2 22.42 22.42 22.42
7.1770833333 51.2 20.64 20.64 20.64
7.1875000000 51.2 20.38 20.38 20.38
7.1979166667 51.2 21.88 21.88 21.88
7.2083333333 51.2 20.27 20.27 20.27
7.2187500000 51.2 21.44 21.44 21.44
7.2291666667 51.2 21.9 21.9 21.9
7.2395833333 51.2 21.84 21.84 21.84
7.2500000000 51.2 19.72 19.72 19.72
7.2604166667 51.2 19.4 19.4 19.4
7.2708333333 51.2 18.07 18.07 18.07
7.2812500000 51.2 18.03 18.03 18.03
7.2916666667 51.2 17.43 17.43 17.43
7.3020833333 51.2 17.35 17.35 17.35
7.3125000000 51.2 17.69 17.69 17.69
7.3229166667 51.2 18.37 18.37 18.37
7.3333333333 51.2 18.37 18.37 18.37
7.3437500000 51.2 18.09 18.09 18.09
7.3541666667 51.2 19.31 19.31 19.31
7.3645833333 51.2 20.39 20.39 20.39
7.3750000000 51.2 25.75 25.75 25.75
7.3854166667 51.2 27.43 27.43 27.43
7.3958333333 51.2 38.14 38.14 38.14
7.4062500000 51.2 50.43 50.43 50.43
7.4166666667 51.2 54.36 54.36 54.36
7.4270833333 51.2 64.85 64.85 64.85
7.4375000000 51.2 75.75 75.75 75.75
7.4479166667 51.2 88.95 88.95 88.95
7.4583333333 51.2 96.68 96.68 96.68
7.4687500000 51.2 102.54 102.54 102.54
7.4791666667 51.2 106.18 106.18 106.18
7.4895833333 51.2 95.51 95.51 95.51
7.5000000000 51.2 91.18 91.18 91.18
7.5104166667 51.2 90.71 90.71 90.71
7.5208333333 51.2 86.23 86.23 86.23
7.5312500000 51.2 85.71 85.71 85.71
7.5416666667 51.2 74.13 74.13 74.13
7.5520833333 51.2 87.45 87.45 87.45
7.5625000000 51.2 85.83 85.83 85.83
7.5729166667 51.2 80.16 80.16 80.16
7.5833333333 51.2 76.22 76.22 76.22
7.5937500000 51.2 65.42 65.42 65.42
7.6041666667 51.2 57.19 57.19 57.19
7.6145833333 51.2 76.52 76.52 76.52
7.6250000000 51.2 70.05 70.05 70.05
7.6354166667 51.2 64.18 64.18 64.18
7.6458333333 51.2 66.79 66.79 66.79
7.6562500000 51.2 53.09 53.09 53.09
7.6666666667 51.2 48.59 48.59 48.59
7.6770833333 51.2 51.67 51.67 51.67
7.6875000000 51.2 50.5 50.5 50.5
7.6979166667 51.2 51.12 51.12 51.12
7.7083333333 51.2 49 49 49
7.7187500000 51.2 46.94 46.94 46.94
7.7291666667 51.2 45.21 45.21 45.21
7.7395833333 51.2 45.48 45.48 45.48
7.7500000000 51.2 45.37 45.37 45.37
7.7604166667 51.2 45.06 45.06 45.06
7.7708333333 51.2 44.73 44.73 44.73
7.7812500000 51.2 56.42 56.42 56.42
7.7916666667 51.2 56.52 56.52 56.52
7.8020833333 51.2 56.34 56.34 56.34
7.8125000000 51.2 58.43 58.43 58.43
7.8229166667 51.2 49.05 49.05 49.05
7.8333333333 51.2 53.24 53.24 53.24
7.8437500000 51.2 63.45 63.45 63.45
7.8541666667 51.2 60.41 60.41 60.41
7.8645833333 51.2 61.91 61.91 61.91
7.8750000000 51.2 59.52 59.52 59.52
7.8854166667 51.2 51.65 51.65 51.65
7.8958333333 51.2 72.08 72.08 72.08
7.9062500000 51.2 68.09 68.09 68.09
7.9166666667 51.2 65.82 65.82 65.82
7.9270833333 51.2 63.99 63.99 63.99
7.9375000000 51.2 49.15 49.15 49.15
7.9479166667 51.2 72.37 72.37 72.37
7.9583333333 51.2 66.46 66.46 66.46
7.9687500000 51.2 69.61 69.61 69.61
7.9791666667 51.2 64.95 64.95 64.95
7.9895833333 51.2 57.16 57.16 57.16
8.0000000000 51.2 51.27 51.27 51.27
8.0104166667 51.2 50.52 50.52 50.52
8.0208333333 51.2 50.62 50.62 50.62
8.0312500000 51.2 62.57 62.57 62.57
8.0416666667 51.2 59.62 59.62 59.62
8.0520833333 51.2 63.86 63.86 63.86
8.0625000000 51.2 64.28 64.28 64.28
8.0729166667 51.2 41.49 41.49 41.49
8.0833333333 51.2 39.67 39.67 39.67
8.0937500000 51.2 37.97 37.97 37.97
8.1041666667 51.2 35.13 35.13 35.13
8.1145833333 51.2 32.71 32.71 32.71
8.1250000000 51.2 27.94 27.94 27.94
8.1354166667 51.2 26.39 26.39 26.39
8.1458333333 51.2 22.94 22.94 22.94
8.1562500000 51.2 21.1 21.1 21.1
8.1666666667 51.2 19.02 19.02 19.02
8.1770833333 51.2 17.21 17.21 17.21
8.1875000000 51.2 18.18 18.18 18.18
8.1979166667 51.2 16.34 16.34 16.34
8.2083333333 51.2 16.41 16.41 16.41
8.2187500000 51.2 16.3 16.3 16.3
8.2291666667 51.2 16.59 16.59 16.59
8.2395833333 51.2 16.1 16.1 16.1
8.2500000000 51.2 16.61 16.61 16.61
8.2604166667 51.2 17.14 17.14 17.14
8.2708333333 51.2 15.53 15.53 15.53
8.2812500000 51.2 15.32 15.32 15.32
8.2916666667 51.2 15.97 15.97 15.97
8.3020833333 51.2 16.4 16.4 16.4
8.3125000000 51.2 15.2 15.2 15.2
8.3229166667 51.2 15.31 15.31 15.31
8.3333333333 51.2 15.26 15.26 15.26
8.3437500000 51.2 14.84 14.84 14.84
8.3541666667 51.2 16.53 16.53 16.53
8.3645833333 51.2 16.08 16.08 16.08
8.3750000000 51.2 15.94 9.63 15.94
8.3854166667 51.2 20.37 11.15 20.37
8.3958333333 51.2 34.1 21.78 34.1
8.4062500000 51.2 40.21 21.8 40.21
8.4166666667 51.2 47.04 26.02 47.04
8.4270833333 51.2 57.99 33.44 57.99
8.4375000000 51.2 70.3 41.9 70.3
8.4479166667 51.2 84.78 52.09 84.78
8.4583333333 51.2 93.64 57.71 93.64
8.4687500000 51.2 99.8 61.35 99.8
8.4791666667 51.2 105.53 64.88 105.53
8.4895833333 51.2 109.4 67.09 109.4
8.5000000000 51.2 109.83 66.7 109.83
8.5104166667 51.2 96.36 55.39 96.36
8.5208333333 51.2 91.2 51.42 91.2
8.5312500000 51.2 87.72 48.88 87.72
8.5416666667 51.2 85.22 47.16 85.22
8.5520833333 51.2 82.97 45.63 82.97
8.5625000000 51.2 75.86 40.38 75.86
8.5729166667 51.2 82.17 45.6 82.17
8.5833333333 51.2 78.99 43.18 78.99
8.5937500000 51.2 75.53 40.66 75.53
8.6041666667 51.2 70.88 37.32 70.88
8.6145833333 51.2 68.39 35.73 68.39
8.6250000000 51.2 67.19 35.09 67.19
8.6354166667 51.2 64.18 33.05 64.18
8.6458333333 51.2 63.87 33.07 63.87
8.6562500000 51.2 61.01 31.12 61.01
8.6666666667 51.2 58.94 29.81 58.94
8.6770833333 51.2 56.69 28.37 56.69
8.6875000000 51.2 53.63 26.36 53.63
8.6979166667 51.2 51.41 25 51.41
8.7083333333 51.2 49.2 23.65 49.2
8.7187500000 51.2 47.66 22.78 47.66
8.7291666667 51.2 46.49 22.16 46.49
8.7395833333 51.2 48.05 23.47 48.05
8.7500000000 51.2 57.04 30.19 57.04
8.7604166667 51.2 55.7 28.92 55.7
8.7708333333 51.2 58.01 30.54 58.01
8.7812500000 51.2 55.67 28.62 55.67
8.7916666667 51.2 52.02 25.91 52.02
8.8020833333 51.2 45.02 20.98 45.02
8.8125000000 51.2 46.17 22.08 90.82
8.8229166667 51.2 55.57 29.12 167.36
8.8333333333 51.2 60.53 32.62 268.71
8.8437500000 51.2 61.74 33.2 396.53
8.8541666667 51.2 68.39 38.03 324.01
8.8645833333 51.2 59.49 30.85 302.6
8.8750000000 51.2 52.76 25.92 211.13
8.8854166667 51.2 57.21 29.43 115.78
8.8958333333 51.2 73.91 42.19 86.7
8.9062500000 51.2 69.17 37.89 64.16
8.9166666667 51.2 69.1 37.62 57.89
8.9270833333 51.2 71.2 39.08 71.2
8.9375000000 51.2 62.9 32.61 62.9
8.9479166667 51.2 80.11 46 80.11
8.9583333333 51.2 78.1 43.92 78.1
8.9687500000 51.2 76.1 42.11 76.1
8.9791666667 51.2 74.18 40.53 74.18
8.9895833333 51.2 71.58 38.52 71.58
9.0000000000 51.2 63.66 32.62 63.66
9.0104166667 51.2 62.39 31.96 62.39
9.0208333333 51.2 52.9 25.85 52.9
9.0312500000 51.2 52.25 25.35 52.25
9.0416666667 51.2 50.48 24.26 50.48
9.0520833333 51.2 48.16 22.74 48.16
9.0625000000 51.2 46.3 21.57 46.3
9.0729166667 51.2 43.99 20.12 43.99
9.0833333333 51.2 43.27 19.31 43.27
9.0937500000 51.2 41.9 18.76 41.9
9.1041666667 51.2 39.87 17.7 39.87
9.1145833333 51.2 35.79 15.04 35.79
9.1250000000 51.2 32.73 13.15 32.73
9.1354166667 51.2 29.92 11.6 29.92
9.1458333333 51.2 27.36 10.29 27.36
9.1562500000 51.2 24.89 9.06 24.89
9.1666666667 51.2 24.55 9.24 24.55
9.1770833333 51.2 22.37 8.19 22.37
9.1875000000 51.2 21.95 8.18 21.95
9.1979166667 51.2 22.65 8.97 22.65
9.2083333333 51.2 20.84 7.94 20.84
9.2187500000 51.2 21.87 8.72 21.87
9.2291666667 51.2 21.76 8.81 21.76
9.2395833333 51.2 21.63 8.76 21.63
9.2500000000 51.2 20.06 7.67 20.06
9.2604166667 51.2 20.06 7.68 20.06
9.2708333333 51.2 18.79 6.96 18.79
9.2812500000 51.2 18.74 7.03 18.74
9.2916666667 51.2 17.99 6.68 17.99
9.3020833333 51.2 17.84 6.67 17.84
9.3125000000 51.2 17.9 6.82 17.9
9.3229166667 51.2 18.22 7.12 18.22
9.3333333333 51.2 18.09 7.06 18.09
9.3437500000 51.2 17.94 6.93 17.94
9.3541666667 51.2 18.88 7.58 18.88
9.3645833333 51.2 19.44 7.99 19.44
9.3750000000 51.2 23.46 10.86 23.46
9.3854166667 51.2 23.95 11.09 23.95
9.3958333333 51.2 30.86 16.1 30.86
9.4062500000 51.2 37.61 21.05 37.61
9.4166666667 51.2 41.55 22.99 41.55
9.4270833333 51.2 51.38 29.44 51.38
9.4375000000 51.2 59.83 35.17 59.83
9.4479166667 51.2 70.93 42.96 70.93
9.4583333333 51.2 79.07 48.06 79.07
9.4687500000 51.2 86.77 52.75 86.77
9.4791666667 51.2 92.68 56.13 92.68
9.4895833333 51.2 87.82 50.52 87.82
9.5000000000 51.2 87.88 49.51 87.88
9.5104166667 51.2 88.66 49.95 88.66
9.5208333333 51.2 85.23 47.14 85.23
9.5312500000 51.2 84.59 46.72 84.59
9.5416666667 51.2 74.79 38.96 74.79
9.5520833333 51.2 86.22 48.47 86.22
9.5625000000 51.2 81.77 45.48 81.77
9.5729166667 51.2 78.64 42.53 78.64
9.5833333333 51.2 76.38 40.6 76.38
9.5937500000 51.2 67.64 33.82 67.64
9.6041666667 51.2 61.56 29.39 61.56
9.6145833333 51.2 76.21 41.96 76.21
9.6250000000 51.2 66.56 35.13 66.56
9.6354166667 51.2 64.3 32.75 64.3
9.6458333333 51.2 66.78 34.85 66.78
9.6562500000 51.2 54.87 25.83 54.87
9.6666666667 51.2 52.7 24.25 52.7
9.6770833333 51.2 54.39 26.32 54.39
9.6875000000 51.2 51.53 24.91 51.53
9.6979166667 51.2 51.38 25.11 51.38
9.7083333333 51.2 49 23.57 49
9.7187500000 51.2 47.53 22.53 47.53
9.7291666667 51.2 46.26 21.77 46.26
9.7395833333 51.2 46.09 21.89 46.09
9.7500000000 51.2 45.19 21.53 45.19
9.7604166667 51.2 44.76 21.33 44.76
9.7708333333 51.2 44.38 21.14 44.38
9.7812500000 51.2 52.75 27.89 52.75
9.7916666667 51.2 51.2 26.73 51.2
9.8020833333 51.2 52.68 27.22 52.68
9.8125000000 51.2 55 28.7 55
9.8229166667 51.2 48.26 23.13 48.26
9.8333333333 51.2 53.02 26.58 53.02
9.8437500000 51.2 59.01 31.81 59.01
9.8541666667 51.2 55.83 29.15 55.83
9.8645833333 51.2 58.76 30.86 58.76
9.8750000000 51.2 57.2 29.4 57.2
9.8854166667 51.2 51.9 24.99 51.9
9.8958333333 51.2 67.95 37.98 67.95
9.9062500000 51.2 61.49 33.12 61.49
9.9166666667 51.2 62.7 33.1 62.7
9.9270833333 51.2 62.18 32.38 62.18
9.9375000000 51.2 50.88 23.44 50.88
9.9479166667 51.2 70.38 39.08 70.38
9.9583333333 51.2 61.07 32.36 61.07
9.9687500000 51.2 66.22 35.66 66.22
9.9791666667 51.2 62.66 32.64 62.66
9.9895833333 51.2 57.74 28.45 57.74
10.0000000000 51.2 53.61 25.33 53.61
10.0104166667 51.2 52.71 25.08 52.71
10.0208333333 51.2 51.72 24.89 51.72
10.0312500000 51.2 59.92 31.86 59.92
10.0416666667 51.2 55.85 28.85 55.85
10.0520833333 51.2 60.59 32.14 60.59
10.0625000000 51.2 60.64 32.07 60.64
10.0729166667 51.2 43.56 18.56 43.56
10.0833333333 51.2 44.55 19.12 44.55
10.0937500000 51.2 41.33 17.75 41.33
10.1041666667 51.2 37.91 15.93 37.91
10.1145833333 51.2 35.35 14.59 35.35
10.1250000000 51.2 30.44 11.62 30.44
10.1354166667 51.2 29.1 11.11 29.1
10.1458333333 51.2 25.81 9.3 25.81
10.1562500000 51.2 23.89 8.47 23.89
10.1666666667 51.2 21.53 7.39 21.53
10.1770833333 51.2 19.58 6.53 19.58
10.1875000000 51.2 20 7.18 20
10.1979166667 51.2 17.74 6.07 17.74
10.2083333333 51.2 17.76 6.27 17.76
10.2187500000 51.2 17.22 6.18 17.22
10.2291666667 51.2 17.18 6.32 17.18
10.2395833333 51.2 16.55 6.03 16.55
10.2500000000 51.2 16.89 6.33 16.89
10.2604166667 51.2 17.04 6.54 17.04
10.2708333333 51.2 15.75 5.69 15.75
10.2812500000 51.2 15.84 5.74 15.84
10.2916666667 51.2 16.14 6.04 16.14
10.3020833333 51.2 16.2 6.17 16.2
10.3125000000 51.2 15.28 5.55 15.28
10.3229166667 51.2 15.56 5.72 15.56
10.3333333333 51.2 15.36 5.66 15.36
10.3437500000 51.2 15 5.45 15
10.3541666667 51.2 16.23 6.3 16.23
10.3645833333 51.2 15.58 5.91 15.58
10.3750000000 51.2 15.73 5.92 15.73
10.3854166667 51.2 18.84 9.43 18.84
10.3958333333 51.2 26.21 20.77 26.21
10.4062500000 51.2 28.69 23.99 28.69
10.4166666667 51.2 35.46 31.6 35.46
10.4270833333 51.2 44.11 44.11 44.11
10.4375000000 51.2 53.22 53.22 53.22
10.4479166667 51.2 64.48 64.48 64.48
10.4583333333 51.2 73.32 73.32 73.32
10.4687500000 51.2 81.98 81.98 81.98
10.4791666667 51.2 89.95 89.95 89.95
10.4895833333 51.2 95.89 95.89 95.89
10.5000000000 51.2 99.09 99.09 99.09
10.5104166667 51.2 91.86 91.86 91.86
10.5208333333 51.2 90.75 90.75 90.75
10.5312500000 51.2 87.8 87.8 87.8
10.5416666667 51.2 85.34 85.34 85.34
10.5520833333 51.2 83.02 83.02 83.02
10.5625000000 51.2 76.96 76.96 76.96
10.5729166667 51.2 81.99 81.99 81.99
10.5833333333 51.2 77.52 77.52 77.52
10.5937500000 51.2 75.33 75.33 75.33
10.6041666667 51.2 71.67 71.67 71.67
10.6145833333 51.2 69.57 69.57 69.57
10.6250000000 51.2 68 68 68
10.6354166667 51.2 64.97 64.97 64.97
10.6458333333 51.2 64.46 64.46 64.46
10.6562500000 51.2 61.53 61.53 61.53
10.6666666667 51.2 59.78 59.78 59.78
10.6770833333 51.2 57.61 57.61 57.61
10.6875000000 51.2 54.85 54.85 54.85
10.6979166667 51.2 52.8 52.8 52.8
10.7083333333 51.2 50.58 50.58 50.58
10.7187500000 51.2 48.93 48.93 48.93
10.7291666667 51.2 47.52 47.52 47.52
10.7395833333 51.2 48.28 48.28 48.28
10.7500000000 51.2 54.2 54.2 54.2
10.7604166667 51.2 52.02 52.02 52.02
10.7708333333 51.2 54.96 54.96 54.96
10.7812500000 51.2 53.35 53.35 53.35
10.7916666667 51.2 51.37 51.37 51.37
10.8020833333 51.2 46.28 46.28 46.28
10.8125000000 51.2 47.59 47.59 47.59
10.8229166667 51.2 53.47 53.47 53.47
10.8333333333 51.2 55.31 55.31 55.31
10.8437500000 51.2 56.7 56.7 56.7
10.8541666667 51.2 62.45 62.45 62.45
10.8645833333 51.2 56.24 56.24 56.24
10.8750000000 51.2 53.33 53.33 53.33
10.8854166667 51.2 57.16 57.16 57.16
10.8958333333 51.2 67.55 67.55 67.55
10.9062500000 51.2 62.45 62.45 62.45
10.9166666667 51.2 65.37 65.37 62.04
10.9270833333 51.2 67.45 67.45 66.41
10.9375000000 51.2 61.45 61.45 71.82
10.9479166667 51.2 75.56 75.56 72.18
10.9583333333 51.2 71.23 71.23 63.89
10.9687500000 51.2 72.12 72.12 53.27
10.9791666667 51.2 71.67 71.67 43.56
10.9895833333 51.2 70.11 70.11 34.39
11.0000000000 51.2 64.21 64.21 24.22
11.0104166667 51.2 63.76 63.76 21.69
11.0208333333 51.2 50.75 50.75 15.75
11.0312500000 51.2 49.25 49.25 15.07
11.0416666667 51.2 47.64 47.64 14.32
11.0520833333 51.2 45.3 45.3 13.18
11.0625000000 51.2 45.33 45.33 12.87
11.0729166667 51.2 42.5 42.5 11.67
11.0833333333 51.2 39.5 39.5 11.35
11.0937500000 51.2 38.55 38.55 11.31
11.1041666667 51.2 37.06 37.06 10.94
11.1145833333 51.2 32.89 32.89 9.24
11.1250000000 51.2 29.46 29.46 7.99
11.1354166667 51.2 26.68 26.68 7.08
11.1458333333 51.2 24.33 24.33 6.36
11.1562500000 51.2 22.1 22.1 5.68
11.1666666667 51.2 22.08 22.08 6.01
11.1770833333 51.2 20.41 20.41 5.5
11.1875000000 51.2 20.1 20.1 5.64
11.1979166667 51.2 21.43 21.43 6.55
11.2083333333 51.2 19.94 19.94 5.98
11.2187500000 51.2 20.98 20.98 6.76
11.2291666667 51.2 21.38 21.38 7.16
11.2395833333 51.2 21.33 21.33 7.3
11.2500000000 51.2 19.4 19.4 6.4
11.2604166667 51.2 19.07 19.07 6.45
11.2708333333 51.2 17.83 17.83 5.98
11.2812500000 51.2 17.77 17.77 6.2
11.2916666667 51.2 17.2 17.2 6.09
11.3020833333 51.2 17.11 17.11 6.28
11.3125000000 51.2 17.4 17.4 6.68
11.3229166667 51.2 18.01 18.01 7.28
11.3333333333 51.2 18.02 18.02 7.49
11.3437500000 51.2 17.76 17.76 7.54
11.3541666667 51.2 18.88 18.88 8.54
11.3645833333 51.2 19.88 19.88 9.46
11.3750000000 51.2 24.76 24.76 13.42
11.3854166667 51.2 26.38 26.38 14.72
11.3958333333 51.2 36.2 36.2 22.79
11.4062500000 51.2 47.5 47.5 32.3
11.4166666667 51.2 51.26 51.26 35.47
11.4270833333 51.2 60.94 60.94 44.24
11.4375000000 51.2 71 71 53.65
11.4479166667 51.2 83.12 83.12 65.41
11.4583333333 51.2 90.3 90.3 72.92
11.4687500000 51.2 95.77 95.77 79.25
11.4791666667 51.2 99.21 99.21 84.04
11.4895833333 51.2 89.71 89.71 76.67
11.5000000000 51.2 85.82 85.82 75.11
11.5104166667 51.2 85.38 85.38 77.12
11.5208333333 51.2 81.32 81.32 75.69
11.5312500000 51.2 80.83 80.83 77.93
11.5416666667 51.2 70.35 70.35 70.35
11.5520833333 51.2 82.33 82.33 82.33
11.5625000000 51.2 80.89 80.89 80.89
11.5729166667 51.2 75.76 75.76 75.76
11.5833333333 51.2 72.17 72.17 72.17
11.5937500000 51.2 62.36 62.36 62.36
11.6041666667 51.2 54.79 54.79 54.79
11.6145833333 51.2 72.18 72.18 72.18
11.6250000000 51.2 66.38 66.38 66.38
11.6354166667 51.2 61.05 61.05 61.05
11.6458333333 51.2 63.36 63.36 63.36
11.6562500000 51.2 50.94 50.94 50.94
11.6666666667 51.2 46.74 46.74 46.74
11.6770833333 51.2 49.42 49.42 49.42
11.6875000000 51.2 48.31 48.31 48.31
11.6979166667 51.2 48.84 48.84 48.84
11.7083333333 51.2 46.9 46.9 46.9
11.7187500000 51.2 45 45 45
11.7291666667 51.2 43.38 43.38 43.38
11.7395833333 51.2 43.59 43.59 43.59
11.7500000000 51.2 43.47 43.47 43.47
11.7604166667 51.2 43.17 43.17 43.17
11.7708333333 51.2 42.86 42.86 42.86
11.7812500000 51.2 53.43 53.43 53.43
11.7916666667 51.2 53.6 53.6 53.6
11.8020833333 51.2 53.49 53.49 53.49
11.8125000000 51.2 55.42 55.42 55.42
11.8229166667 51.2 46.96 46.96 46.96
11.8333333333 51.2 50.71 50.71 50.71
11.8437500000 51.2 59.97 59.97 59.97
11.8541666667 51.2 57.29 57.29 57.29
11.8645833333 51.2 58.67 58.67 58.67
11.8750000000 51.2 56.54 56.54 56.54
11.8854166667 51.2 49.42 49.42 49.42
11.8958333333 51.2 67.86 67.86 67.86
11.9062500000 51.2 64.35 64.35 64.35
11.9166666667 51.2 62.34 62.34 62.34
11.9270833333 51.2 60.69 60.69 60.69
11.9375000000 51.2 47.26 47.26 47.26
11.9479166667 51.2 68.17 68.17 68.17
11.9583333333 51.2 62.92 62.92 62.92
11.9687500000 51.2 65.78 65.78 65.78
11.9791666667 51.2 61.6 61.6 61.6
11.9895833333 51.2 54.54 54.54 54.54
12.0000000000 51.2 37.29 37.29 37.29
12.0104166667 51.2 36.58 36.58 36.58
12.0208333333 51.2 34.3 34.3 34.3
12.0312500000 51.2 34.85 34.85 34.85
12.0416666667 51.2 34.66 34.66 34.66
12.0520833333 51.2 34.47 34.47 34.47
12.0625000000 51.2 34.31 34.31 34.31
12.0729166667 51.2 31.84 31.84 31.84
12.0833333333 51.2 29.86 29.86 29.86
12.0937500000 51.2 29.02 29.02 29.02
12.1041666667 51.2 27.88 27.88 27.88
12.1145833333 51.2 25.7 25.7 25.7
12.1250000000 51.2 23.91 23.91 23.91
12.1354166667 51.2 22.37 22.37 22.37
12.1458333333 51.2 20.94 20.94 20.94
12.1562500000 51.2 19.66 19.66 19.66
12.1666666667 51.2 19.36 19.36 19.36
12.1770833333 51.2 18.23 18.23 18.23
12.1875000000 51.2 18.07 18.07 18.07
12.1979166667 51.2 18.4 18.4 18.4
12.2083333333 51.2 17.52 17.52 17.52
12.2187500000 51.2 17.89 17.89 17.89
12.2291666667 51.2 17.97 17.97 17.97
12.2395833333 51.2 17.77 17.77 17.77
12.2500000000 51.2 16.93 16.93 16.93
12.2604166667 51.2 16.97 16.97 16.97
12.2708333333 51.2 16.35 16.35 16.35
12.2812500000 51.2 16.36 16.36 16.36
12.2916666667 51.2 16.22 16.22 16.22
12.3020833333 51.2 16.36 16.36 16.36
12.3125000000 51.2 16.45 16.45 16.45
12.3229166667 51.2 16.71 16.71 16.71
12.3333333333 51.2 16.64 16.64 16.64
12.3437500000 51.2 16.42 16.42 16.42
12.3541666667 51.2 17.11 17.11 17.11
12.3645833333 51.2 17.5 17.5 17.5
12.3750000000 51.2 19.59 19.59 19.59
12.3854166667 51.2 20.28 20.28 20.28
12.3958333333 51.2 25.79 25.79 25.79
12.4062500000 51.2 30.93 30.93 30.93
12.4166666667 51.2 32.87 32.87 32.87
12.4270833333 51.2 37.69 37.69 37.69
12.4375000000 51.2 42.78 42.78 42.78
12.4479166667 51.2 49.05 49.05 49.05
12.4583333333 51.2 52.93 52.93 52.93
12.4687500000 51.2 55.86 55.86 55.86
12.4791666667 51.2 57.94 57.94 57.94
12.4895833333 51.2 54.99 54.99 54.99
12.5000000000 51.2 54.42 54.42 54.42
12.5104166667 51.2 53.98 53.98 53.98
12.5208333333 51.2 51.93 51.93 51.93
12.5312500000 51.2 51.2 51.2 51.2
12.5416666667 51.2 46.73 46.73 46.73
12.5520833333 51.2 51.36 51.36 51.36
12.5625000000 51.2 49.51 49.51 49.51
12.5729166667 51.2 47.57 47.57 47.57
12.5833333333 51.2 46.13 46.13 46.13
12.5937500000 51.2 42.2 42.2 42.2
12.6041666667 51.2 39.34 39.34 39.34
12.6145833333 51.2 46.32 46.32 46.32
12.6250000000 51.2 43.14 43.14 43.14
12.6354166667 51.2 40.58 40.58 40.58
12.6458333333 51.2 41.4 41.4 41.4
12.6562500000 51.2 36.14 36.14 36.14
12.6666666667 51.2 34.77 34.77 34.77
12.6770833333 51.2 36.17 36.17 36.17
12.6875000000 51.2 35.46 35.46 35.46
12.6979166667 51.2 35.28 35.28 35.28
12.7083333333 51.2 34.02 34.02 34.02
12.7187500000 51.2 32.93 32.93 32.93
12.7291666667 51.2 32.19 32.19 32.19
12.7395833333 51.2 32.36 32.36 32.36
12.7500000000 51.2 33.22 33.22 33.22
12.7604166667 51.2 33.5 33.5 33.5
12.7708333333 51.2 33.88 33.88 33.88
12.7812500000 51.2 38.48 38.48 38.48
12.7916666667 51.2 37.51 37.51 37.51
12.8020833333 51.2 36.09 36.09 36.09
12.8125000000 51.2 36.11 36.11 36.11
12.8229166667 51.2 33.29 33.29 33.29
12.8333333333 51.2 35.95 35.95 35.95
12.8437500000 51.2 40.19 40.19 40.19
12.8541666667 51.2 39.59 39.59 39.59
12.8645833333 51.2 39.68 39.68 39.68
12.8750000000 51.2 37.85 37.85 37.85
12.8854166667 51.2 35.08 35.08 35.08
12.8958333333 51.2 44.39 44.39 44.39
12.9062500000 51.2 42.61 42.61 42.61
12.9166666667 51.2 41.83 41.83 41.83
12.9270833333 51.2 41.52 41.52 41.52
12.9375000000 51.2 35.56 35.56 35.56
12.9479166667 51.2 46.33 46.33 46.33
12.9583333333 51.2 43.99 43.99 43.99
12.9687500000 51.2 45.2 45.2 45.2
12.9791666667 51.2 43.21 43.21 43.21
12.9895833333 51.2 40.15 40.15 40.15
13.0000000000 51.2 37.5 37.5 37.5
13.0104166667 51.2 37.23 37.23 37.23
13.0208333333 51.2 33.98 33.98 33.98
13.0312500000 51.2 39.36 39.36 39.36
13.0416666667 51.2 38.07 38.07 38.07
13.0520833333 51.2 39.98 39.98 39.98
13.0625000000 51.2 40.19 40.19 40.19
13.0729166667 51.2 29.9 29.9 29.9
13.0833333333 51.2 28.92 28.92 28.92
13.0937500000 51.2 28.04 28.04 28.04
13.1041666667 51.2 26.63 26.63 26.63
13.1145833333 51.2 25.4 25.4 25.4
13.1250000000 51.2 23.02 23.02 23.02
13.1354166667 51.2 22.16 22.16 22.16
13.1458333333 51.2 20.33 20.33 20.33
13.1562500000 51.2 19.31 19.31 19.31
13.1666666667 51.2 18.14 18.14 18.14
13.1770833333 51.2 17.11 17.11 17.11
13.1875000000 51.2 17.61 17.61 17.61
13.1979166667 51.2 16.57 16.57 16.57
13.2083333333 51.2 16.6 16.6 16.6
13.2187500000 51.2 16.53 16.53 16.53
13.2291666667 51.2 16.7 16.7 16.7
13.2395833333 51.2 16.42 16.42 16.42
13.2500000000 51.2 16.72 16.72 16.72
13.2604166667 51.2 17.03 17.03 17.03
13.2708333333 51.2 16.09 16.09 16.09
13.2812500000 51.2 15.98 15.98 15.98
13.2916666667 51.2 16.36 16.36 16.36
13.3020833333 51.2 16.62 16.62 16.62
13.3125000000 51.2 15.91 15.91 15.91
13.3229166667 51.2 15.98 15.98 15.98
13.3333333333 51.2 15.95 15.95 15.95
13.3437500000 51.2 15.7 15.7 15.7
13.3541666667 51.2 16.71 16.71 16.71
13.3645833333 51.2 16.44 16.44 16.44
13.3750000000 51.2 16.35 16.35 16.35
13.3854166667 51.2 18.93 18.93 18.93
13.3958333333 51.2 26.34 26.34 26.34
13.4062500000 51.2 29.26 29.26 29.26
13.4166666667 51.2 32.5 32.5 32.5
13.4270833333 51.2 37.63 37.63 37.63
13.4375000000 51.2 43.24 43.24 43.24
13.4479166667 51.2 49.68 49.68 49.68
13.4583333333 51.2 53.55 53.55 53.55
13.4687500000 51.2 56.24 56.24 56.24
13.4791666667 51.2 58.75 58.75 58.75
13.4895833333 51.2 60.46 60.46 60.46
13.5000000000 51.2 60.71 60.71 60.71
13.5104166667 51.2 55.04 55.04 55.04
13.5208333333 51.2 52.83 52.83 52.83
13.5312500000 51.2 51.32 51.32 51.32
13.5416666667 51.2 50.22 50.22 50.22
13.5520833333 51.2 49.23 49.23 49.23
13.5625000000 51.2 46.11 46.11 46.11
13.5729166667 51.2 48.84 48.84 48.84
13.5833333333 51.2 47.45 47.45 47.45
13.5937500000 51.2 45.92 45.92 45.92
13.6041666667 51.2 43.85 43.85 43.85
13.6145833333 51.2 42.72 42.72 42.72
13.6250000000 51.2 42.16 42.16 42.16
13.6354166667 51.2 40.78 40.78 40.78
13.6458333333 51.2 40.62 40.62 40.62
13.6562500000 51.2 39.31 39.31 39.31
13.6666666667 51.2 38.35 38.35 38.35
13.6770833333 51.2 37.3 37.3 37.3
13.6875000000 51.2 35.87 35.87 35.87
13.6979166667 51.2 34.81 34.81 34.81
13.7083333333 51.2 33.75 33.75 33.75
13.7187500000 51.2 33 33 33
13.7291666667 51.2 32.42 32.42 32.42
13.7395833333 51.2 33.14 33.14 33.14
13.7500000000 51.2 37.37 37.37 37.37
13.7604166667 51.2 36.77 36.77 36.77
13.7708333333 51.2 37.86 37.86 37.86
13.7812500000 51.2 36.79 36.79 36.79
13.7916666667 51.2 35.1 35.1 35.1
13.8020833333 51.2 31.78 31.78 31.78
13.8125000000 51.2 32.3 32.3 32.3
13.8229166667 51.2 36.73 36.73 36.73
13.8333333333 51.2 39.07 39.07 39.07
13.8437500000 51.2 39.66 39.66 39.66
13.8541666667 51.2 42.73 42.73 42.73
13.8645833333 51.2 38.68 38.68 38.68
13.8750000000 51.2 35.56 35.56 35.56
13.8854166667 51.2 37.62 37.62 37.62
13.8958333333 51.2 45.3 45.3 45.3
13.9062500000 51.2 43.18 43.18 43.18
13.9166666667 51.2 43.18 43.18 43.18
13.9270833333 51.2 44.15 44.15 44.15
13.9375000000 51.2 40.4 40.4 40.4
13.9479166667 51.2 48.2 48.2 48.2
13.9583333333 51.2 47.34 47.34 47.34
13.9687500000 51.2 46.48 46.48 46.48
13.9791666667 51.2 45.63 45.63 45.63
13.9895833333 51.2 44.47 44.47 44.47
14.0000000000 51.2 58.48 58.48 58.48
